    0.0000    0.0000
    0.0500   13.4213
    0.1000   26.7405
    0.1500   39.8611
    0.2000   52.6954
    0.2500   65.1633
    0.3000   77.1853
    0.3500   88.6697
    0.4000   99.4947
    0.4500  109.4895
    0.5000  118.4205
    0.5500  125.9899
    0.6000  131.8579
    0.6500  135.6913
    0.7000  137.2333
    0.7500  136.3708
    0.8000  133.1679
    0.8500  127.8463
    0.9000  120.7251
    0.9500  112.1484
    1.0000  102.4293
    1.0250  102.5317
    1.0500  102.8241
    1.0750  103.2639
    1.1000  103.7884
    1.1250  104.3245
    1.1500  104.8011
    1.1750  105.1607
    1.2000  105.3697
    1.2250  105.4257
    1.2500  105.3618
    1.2750  105.2460
    1.3000  105.1792
    1.3250  105.2886
    1.3500  105.7184
    1.3750  106.6194
    1.4000  108.1349
    1.4250  110.3875
    1.4500  113.4674
    1.4750  117.4238
    1.5000  122.2622
    1.5250  127.9459
    1.5500  134.4019
    1.5750  141.5280
    1.6000  149.2001
    1.6250  157.2776
    1.6500  165.6078
    1.6750  174.0277
    1.7000  182.3646
    1.7250  178.7892
    1.7500  170.3947
    1.7750  161.9930
    1.8000  153.7523
    1.8250  145.8316
    1.8500  138.3787
    1.8750  131.5276
    1.9000  125.3938
    1.9250  120.0679
    1.9500  115.6079
    1.9750  112.0329
    2.0000  109.3186
    2.0707  117.8376
    2.1414  124.9039
    2.2121  130.4333
    2.2828  134.3602
    2.3536  136.6383
    2.4243  137.2407
    2.4950  136.1604
    2.5657  133.4100
    2.6364  129.0220
    2.7071  123.0482
    2.7778  115.5595
    2.8485  106.6454
    2.9192   96.4130
    2.9899   84.9862
    3.0607   72.5040
    3.1314   59.1197
    3.2021   44.9983
    3.2728   30.3151
    3.3435   15.2530
    3.4142    0.0000
    3.4575   10.1704
    3.5008   20.3043
    3.5441   30.3580
    3.5874   40.2731
    3.6307   49.9711
    3.6740   59.3496
    3.7173   68.2799
    3.7606   76.6081
    3.8039   84.1594
    3.8472   90.7452
    3.8905   96.1754
    3.9338  100.2732
    3.9771  102.8920
    4.0204  103.9317
    4.0637  103.3512
    4.1070  101.1735
    4.1503   97.4830
    4.1936   92.4145
    4.2369   86.1381
    4.2802   78.8418
 
    0.0000    0.0000
    0.0500   13.4213
    0.1000   26.7405
    0.1500   39.8611
    0.2000   52.6954
    0.2500   65.1633
    0.3000   77.1853
    0.3500   88.6697
    0.4000   99.4947
    0.4500  109.4895
    0.5000  118.4205
    0.5500  125.9899
    0.6000  131.8579
    0.6500  135.6913
    0.7000  137.2333
    0.7500  136.3708
    0.8000  133.1679
    0.8500  127.8463
    0.9000  120.7251
    0.9500  112.1484
    1.0000  102.4293
    1.0250  103.3934
    1.0500  106.2186
    1.0750  110.7200
    1.1000  116.6372
    1.1250  123.6798
    1.1500  131.5625
    1.1750  140.0243
    1.2000  148.8353
    1.2250  157.7954
    1.2500  166.7294
    1.2750  175.4817
    1.3000  183.9097
    1.3250  191.8789
    1.3500  199.2581
    1.3750  205.9161
    1.4000  211.7195
    1.4250  216.5331
    1.4500  220.2238
    1.4750  222.6679
    1.5000  223.7639
    1.5250  223.4469
    1.5500  221.7024
    1.5750  218.5741
    1.6000  214.1624
    1.6250  208.6140
    1.6500  202.1072
    1.6750  194.8360
    1.7000  186.9986
    1.7250  190.4370
    1.7500  198.0543
    1.7750  205.0200
    1.8000  211.1364
    1.8250  216.2148
    1.8500  220.0884
    1.8750  222.6288
    1.9000  223.7592
    1.9250  223.4616
    1.9500  221.7735
    1.9750  218.7774
    2.0000  214.5863
    2.0707  226.6741
    2.1414  221.0511
    2.2121  198.7925
    2.2828  169.5272
    2.3536  145.2015
    2.4243  137.4853
    2.4950  150.8925
    2.5657  177.8779
    2.6364  206.3336
    2.7071  224.6023
    2.7778  224.8229
    2.8485  208.7598
    2.9192  183.1409
    2.9899  153.1704
    3.0607  122.1220
    3.1314   92.1687
    3.2021   64.7417
    3.2728   40.5321
    3.3435   19.3404
    3.4142    0.0000
    3.4575   10.1704
    3.5008   20.3043
    3.5441   30.3580
    3.5874   40.2731
    3.6307   49.9711
    3.6740   59.3496
    3.7173   68.2799
    3.7606   76.6081
    3.8039   84.1594
    3.8472   90.7452
    3.8905   96.1754
    3.9338  100.2732
    3.9771  102.8920
    4.0204  103.9317
    4.0637  103.3512
    4.1070  101.1735
    4.1503   97.4830
    4.1936   92.4145
    4.2369   86.1381
    4.2802   78.8418
 
    0.0000    0.0000
    0.0500   33.0006
    0.1000   65.8096
    0.1500   98.2421
    0.2000  130.1257
    0.2500  161.3045
    0.3000  191.6416
    0.3500  221.0189
    0.4000  249.3349
    0.4500  276.5009
    0.5000  302.4366
    0.5500  327.0651
    0.6000  350.3097
    0.6500  372.0923
    0.7000  392.3336
    0.7500  378.0065
    0.8000  356.6541
    0.8500  333.8170
    0.9000  309.5741
    0.9500  284.0022
    1.0000  257.1780
    1.0250  257.3731
    1.0500  257.9631
    1.0750  258.9612
    1.1000  260.3865
    1.1250  262.2598
    1.1500  264.5992
    1.1750  267.4151
    1.2000  270.7062
    1.2250  274.4572
    1.2500  278.6382
    1.2750  283.2066
    1.3000  288.1091
    1.3250  293.2855
    1.3500  298.6721
    1.3750  304.2044
    1.4000  309.8194
    1.4250  315.4568
    1.4500  321.0601
    1.4750  326.5764
    1.5000  331.9564
    1.5250  337.1544
    1.5500  342.1275
    1.5750  346.8364
    1.6000  351.2456
    1.6250  355.3258
    1.6500  359.0567
    1.6750  362.4317
    1.7000  365.4643
    1.7250  364.1960
    1.7500  361.0189
    1.7750  357.4906
    1.8000  353.6073
    1.8250  349.3820
    1.8500  344.8395
    1.8750  340.0120
    1.9000  334.9368
    1.9250  329.6549
    1.9500  324.2103
    1.9750  318.6502
    2.0000  313.0255
    2.0707  334.1030
    2.1414  352.6021
    2.2121  368.8157
    2.2828  382.4239
    2.3536  392.0476
    2.4243  394.9942
    2.4950  389.8569
    2.5657  378.8747
    2.6364  364.4428
    2.7071  347.5799
    2.7778  328.3966
    2.8485  306.4821
    2.9192  281.1963
    2.9899  251.9541
    3.0607  218.4448
    3.1314  180.7280
    3.2021  139.2208
    3.2728   94.6303
    3.3435   47.8731
    3.4142    0.0000
    3.4575   29.6953
    3.5008   59.3550
    3.5441   88.9355
    3.5874  118.3788
    3.6307  147.6074
    3.6740  176.5219
    3.7173  205.0013
    3.7606  232.9049
    3.8039  260.0762
    3.8472  286.3460
    3.8905  311.5330
    3.9338  335.4286
    3.9771  357.6712
    4.0204  375.2501
    4.0637  363.5417
    4.1070  341.9460
    4.1503  318.4678
    4.1936  293.6244
    4.2369  267.6433
    4.2802  240.7106
 
    0.0000  509.1356
    0.0500  508.5072
    0.1000  506.6303
    0.1500  503.5320
    0.2000  499.2646
    0.2500  493.9162
    0.3000  487.6221
    0.3500  480.5790
    0.4000  473.0553
    0.4500  465.3993
    0.5000  458.0366
    0.5500  447.0895
    0.6000  432.3933
    0.6500  415.9461
    0.7000  397.7955
    0.7500  410.9571
    0.8000  427.8943
    0.8500  443.0918
    0.9000  456.0638
    0.9500  463.2562
    1.0000  470.8752
    1.0250  470.4574
    1.0500  469.2832
    1.0750  467.4956
    1.1000  465.1980
    1.1250  462.4463
    1.1500  459.2708
    1.1750  455.6910
    1.2000  451.7242
    1.2250  447.3904
    1.2500  442.7151
    1.2750  437.7315
    1.3000  432.4826
    1.3250  427.0229
    1.3500  421.4192
    1.3750  415.7522
    1.4000  410.1153
    1.4250  404.6129
    1.4500  399.3547
    1.4750  394.4462
    1.5000  389.9753
    1.5250  385.9968
    1.5500  382.5188
    1.5750  379.4956
    1.6000  376.8322
    1.6250  374.3976
    1.6500  372.0459
    1.6750  369.6364
    1.7000  367.0496
    1.7250  368.1939
    1.7500  370.6914
    1.7750  373.0598
    1.8000  375.4292
    1.8250  377.9450
    1.8500  380.7493
    1.8750  383.9597
    1.9000  387.6512
    1.9250  391.8461
    1.9500  396.5149
    1.9750  401.5865
    2.0000  406.9635
    2.0707  388.1492
    2.1414  379.7274
    2.2121  381.8676
    2.2828  388.2455
    2.3536  393.4878
    2.4243  395.0363
    2.4950  392.3055
    2.5657  386.3726
    2.6364  380.5215
    2.7071  380.8704
    2.7778  392.6757
    2.8485  413.3435
    2.9192  436.4112
    2.9899  457.6637
    3.0607  475.2865
    3.1314  488.7965
    3.2021  498.3987
    3.2728  504.3125
    3.3435  507.8908
    3.4142  509.1356
    3.4575  508.6795
    3.5008  507.2927
    3.5441  504.9215
    3.5874  501.4824
    3.6307  496.8698
    3.6740  490.9663
    3.7173  483.6522
    3.7606  474.8163
    3.8039  464.3649
    3.8472  452.2307
    3.8905  438.3834
    3.9338  422.8557
    3.9771  405.8752
    4.0204  390.3668
    4.0637  400.9204
    4.1070  418.1547
    4.1503  434.1364
    4.1936  448.4687
    4.2369  461.0888
    4.2802  472.0131
 
    0.0000  509.1356
    0.0500  508.5072
    0.1000  506.6303
    0.1500  503.5320
    0.2000  499.2646
    0.2500  493.9162
    0.3000  487.6221
    0.3500  480.5790
    0.4000  473.0553
    0.4500  465.3993
    0.5000  458.0366
    0.5500  451.4535
    0.6000  446.1584
    0.6500  442.6181
    0.7000  441.1772
    0.7500  441.9843
    0.8000  444.9554
    0.8500  449.7955
    0.9000  456.0638
    0.9500  463.2562
    1.0000  470.8752
    1.0250  470.8837
    1.0500  470.9072
    1.0750  470.9410
    1.1000  470.9771
    1.1250  471.0050
    1.1500  471.0117
    1.1750  470.9830
    1.2000  470.9031
    1.2250  470.7562
    1.2500  470.5266
    1.2750  470.1996
    1.3000  469.7620
    1.3250  469.2028
    1.3500  468.5140
    1.3750  467.6908
    1.4000  466.7326
    1.4250  465.2806
    1.4500  463.4247
    1.4750  461.5600
    1.5000  459.7255
    1.5250  457.9654
    1.5500  456.3292
    1.5750  454.8697
    1.6000  453.6400
    1.6250  452.6898
    1.6500  452.0593
    1.6750  451.7742
    1.7000  451.8418
    1.7250  451.7697
    1.7500  451.8539
    1.7750  452.2901
    1.8000  453.0627
    1.8250  454.1390
    1.8500  455.4743
    1.8750  457.0166
    1.9000  458.7126
    1.9250  460.5106
    1.9500  462.3633
    1.9750  464.2285
    2.0000  466.0701
    2.0707  459.0776
    2.1414  452.8754
    2.2121  447.7675
    2.2828  444.0038
    2.3536  441.7687
    2.4243  441.1712
    2.4950  442.2407
    2.5657  444.9249
    2.6364  449.0925
    2.7071  454.5396
    2.7778  460.9994
    2.8485  467.4019
    2.9192  472.3824
    2.9899  478.3182
    3.0607  485.0859
    3.1314  492.1771
    3.2021  498.8493
    3.2728  504.6194
    3.3435  508.0484
    3.4142  509.1356
    3.4575  508.7695
    3.5008  507.6839
    3.5441  505.9177
    3.5874  503.5357
    3.6307  500.6288
    3.6740  497.3138
    3.7173  493.7321
    3.7606  490.0473
    3.8039  486.4405
    3.8472  483.1027
    3.8905  480.2241
    3.9338  477.9799
    3.9771  476.5145
    4.0204  475.9261
    4.0637  476.2551
    4.1070  477.4788
    4.1503  479.5146
    4.1936  482.2297
    4.2369  485.4559
    4.2802  489.0058
 
    0.0000  509.1356
    0.0500  508.8061
    0.1000  507.7898
    0.1500  506.0073
    0.2000  503.3360
    0.2500  499.6238
    0.3000  494.7050
    0.3500  488.4162
    0.4000  480.6110
    0.4500  471.1709
    0.5000  460.0123
    0.5500  451.4535
    0.6000  446.1584
    0.6500  442.6181
    0.7000  441.1772
    0.7500  441.9843
    0.8000  444.9554
    0.8500  449.7955
    0.9000  456.5193
    0.9500  468.1763
    1.0000  478.0981
    1.0250  478.2028
    1.0500  478.4384
    1.0750  478.6640
    1.1000  478.7807
    1.1250  478.7387
    1.1500  478.5175
    1.1750  478.1109
    1.2000  477.5198
    1.2250  476.7489
    1.2500  475.8049
    1.2750  474.6961
    1.3000  473.4324
    1.3250  472.0252
    1.3500  470.4884
    1.3750  468.8382
    1.4000  467.0944
    1.4250  465.6433
    1.4500  464.4319
    1.4750  463.1131
    1.5000  461.7080
    1.5250  460.2442
    1.5500  458.7564
    1.5750  457.2865
    1.6000  455.8830
    1.6250  454.5997
    1.6500  453.4937
    1.6750  452.6213
    1.7000  452.0334
    1.7250  452.2493
    1.7500  452.9656
    1.7750  453.9455
    1.8000  455.1350
    1.8250  456.4770
    1.8500  457.9155
    1.8750  459.3987
    1.9000  460.8809
    1.9250  462.3232
    1.9500  463.6941
    1.9750  464.9687
    2.0000  466.1289
    2.0707  461.9082
    2.1414  457.6311
    2.2121  452.8313
    2.2828  447.5395
    2.3536  442.8364
    2.4243  441.2039
    2.4950  443.9884
    2.5657  449.0579
    2.6364  454.2610
    2.7071  458.8855
    2.7778  463.0876
    2.8485  468.1551
    2.9192  475.6555
    2.9899  483.1321
    3.0607  490.2171
    3.1314  496.5616
    3.2021  501.8533
    3.2728  505.8312
    3.3435  508.2992
    3.4142  509.1356
    3.4575  508.7695
    3.5008  507.6839
    3.5441  505.9177
    3.5874  503.5357
    3.6307  500.6288
    3.6740  497.3138
    3.7173  493.7321
    3.7606  490.0473
    3.8039  486.4405
    3.8472  483.1027
    3.8905  480.2241
    3.9338  477.9799
    3.9771  476.5145
    4.0204  475.9261
    4.0637  476.2551
    4.1070  477.4788
    4.1503  479.5146
    4.1936  482.2297
    4.2369  485.4559
    4.2802  489.0058
 
