# E (eV) pdos(E) 
 -5.873  0.000E+00
 -5.863  0.123E-05
 -5.853  0.986E-05
 -5.843  0.334E-04
 -5.833  0.790E-04
 -5.823  0.154E-03
 -5.813  0.266E-03
 -5.803  0.424E-03
 -5.793  0.632E-03
 -5.783  0.900E-03
 -5.773  0.123E-02
 -5.763  0.164E-02
 -5.753  0.214E-02
 -5.743  0.272E-02
 -5.733  0.338E-02
 -5.723  0.416E-02
 -5.713  0.506E-02
 -5.703  0.606E-02
 -5.693  0.720E-02
 -5.683  0.846E-02
 -5.673  0.986E-02
 -5.663  0.114E-01
 -5.653  0.131E-01
 -5.643  0.150E-01
 -5.633  0.171E-01
 -5.623  0.193E-01
 -5.613  0.216E-01
 -5.603  0.222E-01
 -5.593  0.222E-01
 -5.583  0.222E-01
 -5.573  0.222E-01
 -5.563  0.224E-01
 -5.553  0.226E-01
 -5.543  0.230E-01
 -5.533  0.234E-01
 -5.523  0.242E-01
 -5.513  0.250E-01
 -5.503  0.258E-01
 -5.493  0.266E-01
 -5.483  0.276E-01
 -5.473  0.284E-01
 -5.463  0.294E-01
 -5.453  0.302E-01
 -5.443  0.312E-01
 -5.433  0.320E-01
 -5.423  0.330E-01
 -5.413  0.340E-01
 -5.403  0.350E-01
 -5.393  0.360E-01
 -5.383  0.370E-01
 -5.373  0.380E-01
 -5.363  0.390E-01
 -5.353  0.400E-01
 -5.343  0.410E-01
 -5.333  0.422E-01
 -5.323  0.432E-01
 -5.313  0.444E-01
 -5.303  0.454E-01
 -5.293  0.466E-01
 -5.283  0.478E-01
 -5.273  0.488E-01
 -5.263  0.500E-01
 -5.253  0.512E-01
 -5.243  0.524E-01
 -5.233  0.538E-01
 -5.223  0.550E-01
 -5.213  0.562E-01
 -5.203  0.576E-01
 -5.193  0.588E-01
 -5.183  0.602E-01
 -5.173  0.614E-01
 -5.163  0.628E-01
 -5.153  0.640E-01
 -5.143  0.654E-01
 -5.133  0.666E-01
 -5.123  0.678E-01
 -5.113  0.690E-01
 -5.103  0.702E-01
 -5.093  0.714E-01
 -5.083  0.726E-01
 -5.073  0.736E-01
 -5.063  0.748E-01
 -5.053  0.758E-01
 -5.043  0.768E-01
 -5.033  0.778E-01
 -5.023  0.788E-01
 -5.013  0.796E-01
 -5.003  0.806E-01
 -4.993  0.814E-01
 -4.983  0.822E-01
 -4.973  0.830E-01
 -4.963  0.836E-01
 -4.953  0.844E-01
 -4.943  0.850E-01
 -4.933  0.856E-01
 -4.923  0.862E-01
 -4.913  0.868E-01
 -4.903  0.876E-01
 -4.893  0.884E-01
 -4.883  0.892E-01
 -4.873  0.900E-01
 -4.863  0.910E-01
 -4.853  0.920E-01
 -4.843  0.928E-01
 -4.833  0.938E-01
 -4.823  0.948E-01
 -4.813  0.958E-01
 -4.803  0.968E-01
 -4.793  0.978E-01
 -4.783  0.988E-01
 -4.773  0.998E-01
 -4.763  0.101E+00
 -4.753  0.102E+00
 -4.743  0.103E+00
 -4.733  0.104E+00
 -4.723  0.105E+00
 -4.713  0.106E+00
 -4.703  0.107E+00
 -4.693  0.108E+00
 -4.683  0.109E+00
 -4.673  0.110E+00
 -4.663  0.111E+00
 -4.653  0.112E+00
 -4.643  0.113E+00
 -4.633  0.114E+00
 -4.623  0.115E+00
 -4.613  0.116E+00
 -4.603  0.117E+00
 -4.593  0.118E+00
 -4.583  0.119E+00
 -4.573  0.120E+00
 -4.563  0.121E+00
 -4.553  0.122E+00
 -4.543  0.123E+00
 -4.533  0.124E+00
 -4.523  0.125E+00
 -4.513  0.126E+00
 -4.503  0.127E+00
 -4.493  0.128E+00
 -4.483  0.129E+00
 -4.473  0.131E+00
 -4.463  0.132E+00
 -4.453  0.133E+00
 -4.443  0.134E+00
 -4.433  0.135E+00
 -4.423  0.136E+00
 -4.413  0.137E+00
 -4.403  0.138E+00
 -4.393  0.139E+00
 -4.383  0.140E+00
 -4.373  0.141E+00
 -4.363  0.143E+00
 -4.353  0.144E+00
 -4.343  0.145E+00
 -4.333  0.146E+00
 -4.323  0.147E+00
 -4.313  0.148E+00
 -4.303  0.149E+00
 -4.293  0.151E+00
 -4.283  0.151E+00
 -4.273  0.152E+00
 -4.263  0.153E+00
 -4.253  0.154E+00
 -4.243  0.155E+00
 -4.233  0.156E+00
 -4.223  0.157E+00
 -4.213  0.158E+00
 -4.203  0.159E+00
 -4.193  0.160E+00
 -4.183  0.161E+00
 -4.173  0.163E+00
 -4.163  0.164E+00
 -4.153  0.165E+00
 -4.143  0.166E+00
 -4.133  0.167E+00
 -4.123  0.169E+00
 -4.113  0.170E+00
 -4.103  0.171E+00
 -4.093  0.172E+00
 -4.083  0.173E+00
 -4.073  0.175E+00
 -4.063  0.176E+00
 -4.053  0.177E+00
 -4.043  0.178E+00
 -4.033  0.180E+00
 -4.023  0.181E+00
 -4.013  0.182E+00
 -4.003  0.184E+00
 -3.993  0.185E+00
 -3.983  0.186E+00
 -3.973  0.188E+00
 -3.963  0.189E+00
 -3.953  0.190E+00
 -3.943  0.192E+00
 -3.933  0.193E+00
 -3.923  0.194E+00
 -3.913  0.196E+00
 -3.903  0.197E+00
 -3.893  0.199E+00
 -3.883  0.200E+00
 -3.873  0.202E+00
 -3.863  0.204E+00
 -3.853  0.206E+00
 -3.843  0.208E+00
 -3.833  0.210E+00
 -3.823  0.214E+00
 -3.813  0.218E+00
 -3.803  0.222E+00
 -3.793  0.226E+00
 -3.783  0.228E+00
 -3.773  0.232E+00
 -3.763  0.236E+00
 -3.753  0.238E+00
 -3.743  0.242E+00
 -3.733  0.244E+00
 -3.723  0.248E+00
 -3.713  0.250E+00
 -3.703  0.252E+00
 -3.693  0.254E+00
 -3.683  0.256E+00
 -3.673  0.258E+00
 -3.663  0.260E+00
 -3.653  0.262E+00
 -3.643  0.264E+00
 -3.633  0.266E+00
 -3.623  0.266E+00
 -3.613  0.268E+00
 -3.603  0.268E+00
 -3.593  0.270E+00
 -3.583  0.270E+00
 -3.573  0.272E+00
 -3.563  0.272E+00
 -3.553  0.272E+00
 -3.543  0.272E+00
 -3.533  0.272E+00
 -3.523  0.272E+00
 -3.513  0.272E+00
 -3.503  0.272E+00
 -3.493  0.272E+00
 -3.483  0.270E+00
 -3.473  0.270E+00
 -3.463  0.268E+00
 -3.453  0.268E+00
 -3.443  0.266E+00
 -3.433  0.266E+00
 -3.423  0.264E+00
 -3.413  0.262E+00
 -3.403  0.260E+00
 -3.393  0.258E+00
 -3.383  0.256E+00
 -3.373  0.254E+00
 -3.363  0.258E+00
 -3.353  0.262E+00
 -3.343  0.266E+00
 -3.333  0.270E+00
 -3.323  0.274E+00
 -3.313  0.278E+00
 -3.303  0.282E+00
 -3.293  0.286E+00
 -3.283  0.288E+00
 -3.273  0.290E+00
 -3.263  0.292E+00
 -3.253  0.294E+00
 -3.243  0.294E+00
 -3.233  0.294E+00
 -3.223  0.294E+00
 -3.213  0.294E+00
 -3.203  0.292E+00
 -3.193  0.292E+00
 -3.183  0.288E+00
 -3.173  0.286E+00
 -3.163  0.282E+00
 -3.153  0.278E+00
 -3.143  0.276E+00
 -3.133  0.274E+00
 -3.123  0.274E+00
 -3.113  0.272E+00
 -3.103  0.270E+00
 -3.093  0.268E+00
 -3.083  0.266E+00
 -3.073  0.266E+00
 -3.063  0.264E+00
 -3.053  0.262E+00
 -3.043  0.260E+00
 -3.033  0.260E+00
 -3.023  0.258E+00
 -3.013  0.256E+00
 -3.003  0.256E+00
 -2.993  0.254E+00
 -2.983  0.252E+00
 -2.973  0.252E+00
 -2.963  0.250E+00
 -2.953  0.248E+00
 -2.943  0.248E+00
 -2.933  0.246E+00
 -2.923  0.246E+00
 -2.913  0.244E+00
 -2.903  0.244E+00
 -2.893  0.242E+00
 -2.883  0.242E+00
 -2.873  0.240E+00
 -2.863  0.240E+00
 -2.853  0.238E+00
 -2.843  0.238E+00
 -2.833  0.238E+00
 -2.823  0.236E+00
 -2.813  0.236E+00
 -2.803  0.236E+00
 -2.793  0.236E+00
 -2.783  0.236E+00
 -2.773  0.234E+00
 -2.763  0.234E+00
 -2.753  0.234E+00
 -2.743  0.234E+00
 -2.733  0.234E+00
 -2.723  0.234E+00
 -2.713  0.234E+00
 -2.703  0.234E+00
 -2.693  0.234E+00
 -2.683  0.234E+00
 -2.673  0.232E+00
 -2.663  0.232E+00
 -2.653  0.232E+00
 -2.643  0.230E+00
 -2.633  0.230E+00
 -2.623  0.230E+00
 -2.613  0.230E+00
 -2.603  0.232E+00
 -2.593  0.234E+00
 -2.583  0.236E+00
 -2.573  0.238E+00
 -2.563  0.238E+00
 -2.553  0.240E+00
 -2.543  0.242E+00
 -2.533  0.242E+00
 -2.523  0.242E+00
 -2.513  0.244E+00
 -2.503  0.244E+00
 -2.493  0.244E+00
 -2.483  0.244E+00
 -2.473  0.244E+00
 -2.463  0.242E+00
 -2.453  0.242E+00
 -2.443  0.240E+00
 -2.433  0.240E+00
 -2.423  0.238E+00
 -2.413  0.238E+00
 -2.403  0.236E+00
 -2.393  0.234E+00
 -2.383  0.232E+00
 -2.373  0.230E+00
 -2.363  0.226E+00
 -2.353  0.224E+00
 -2.343  0.220E+00
 -2.333  0.218E+00
 -2.323  0.214E+00
 -2.313  0.212E+00
 -2.303  0.208E+00
 -2.293  0.204E+00
 -2.283  0.200E+00
 -2.273  0.195E+00
 -2.263  0.191E+00
 -2.253  0.186E+00
 -2.243  0.181E+00
 -2.233  0.176E+00
 -2.223  0.171E+00
 -2.213  0.166E+00
 -2.203  0.160E+00
 -2.193  0.154E+00
 -2.183  0.916E-01
 -2.173  0.874E-01
 -2.163  0.830E-01
 -2.153  0.790E-01
 -2.143  0.748E-01
 -2.133  0.708E-01
 -2.123  0.670E-01
 -2.113  0.632E-01
 -2.103  0.594E-01
 -2.093  0.558E-01
 -2.083  0.522E-01
 -2.073  0.488E-01
 -2.063  0.454E-01
 -2.053  0.420E-01
 -2.043  0.388E-01
 -2.033  0.358E-01
 -2.023  0.326E-01
 -2.013  0.298E-01
 -2.003  0.270E-01
 -1.993  0.242E-01
 -1.983  0.216E-01
 -1.973  0.190E-01
 -1.963  0.165E-01
 -1.953  0.142E-01
 -1.943  0.119E-01
 -1.933  0.972E-02
 -1.923  0.766E-02
 -1.913  0.568E-02
 -1.903  0.380E-02
 -1.893  0.204E-02
 -1.883  0.364E-03
 -1.873  0.000E+00
 -1.863  0.000E+00
 -1.853  0.000E+00
 -1.843  0.000E+00
 -1.833  0.000E+00
 -1.823  0.000E+00
 -1.813  0.000E+00
 -1.803  0.000E+00
 -1.793  0.000E+00
 -1.783  0.000E+00
 -1.773  0.000E+00
 -1.763  0.000E+00
 -1.753  0.000E+00
 -1.743  0.000E+00
 -1.733  0.000E+00
 -1.723  0.000E+00
 -1.713  0.000E+00
 -1.703  0.000E+00
 -1.693  0.000E+00
 -1.683  0.000E+00
 -1.673  0.000E+00
 -1.663  0.000E+00
 -1.653  0.000E+00
 -1.643  0.000E+00
 -1.633  0.000E+00
 -1.623  0.000E+00
 -1.613  0.000E+00
 -1.603  0.000E+00
 -1.593  0.406E-03
 -1.583  0.198E-02
 -1.573  0.362E-02
 -1.563  0.532E-02
 -1.553  0.708E-02
 -1.543  0.890E-02
 -1.533  0.108E-01
 -1.523  0.128E-01
 -1.513  0.148E-01
 -1.503  0.169E-01
 -1.493  0.190E-01
 -1.483  0.212E-01
 -1.473  0.236E-01
 -1.463  0.260E-01
 -1.453  0.284E-01
 -1.443  0.308E-01
 -1.433  0.334E-01
 -1.423  0.360E-01
 -1.413  0.388E-01
 -1.403  0.414E-01
 -1.393  0.444E-01
 -1.383  0.472E-01
 -1.373  0.502E-01
 -1.363  0.532E-01
 -1.353  0.564E-01
 -1.343  0.596E-01
 -1.333  0.628E-01
 -1.323  0.660E-01
 -1.313  0.694E-01
 -1.303  0.730E-01
 -1.293  0.764E-01
 -1.283  0.802E-01
 -1.273  0.838E-01
 -1.263  0.876E-01
 -1.253  0.914E-01
 -1.243  0.952E-01
 -1.233  0.992E-01
 -1.223  0.103E+00
 -1.213  0.107E+00
 -1.203  0.112E+00
 -1.193  0.116E+00
 -1.183  0.120E+00
 -1.173  0.125E+00
 -1.163  0.129E+00
 -1.153  0.134E+00
 -1.143  0.138E+00
 -1.133  0.143E+00
 -1.123  0.228E+00
 -1.113  0.236E+00
 -1.103  0.246E+00
 -1.093  0.254E+00
 -1.083  0.262E+00
 -1.073  0.268E+00
 -1.063  0.276E+00
 -1.053  0.284E+00
 -1.043  0.292E+00
 -1.033  0.298E+00
 -1.023  0.306E+00
 -1.013  0.312E+00
 -1.003  0.318E+00
 -0.993  0.324E+00
 -0.983  0.332E+00
 -0.973  0.338E+00
 -0.963  0.344E+00
 -0.953  0.348E+00
 -0.943  0.354E+00
 -0.933  0.360E+00
 -0.923  0.366E+00
 -0.913  0.370E+00
 -0.903  0.376E+00
 -0.893  0.380E+00
 -0.883  0.384E+00
 -0.873  0.390E+00
 -0.863  0.394E+00
 -0.853  0.398E+00
 -0.843  0.402E+00
 -0.833  0.406E+00
 -0.823  0.410E+00
 -0.813  0.418E+00
 -0.803  0.430E+00
 -0.793  0.448E+00
 -0.783  0.506E+00
 -0.773  0.564E+00
 -0.763  0.616E+00
 -0.753  0.664E+00
 -0.743  0.708E+00
 -0.733  0.746E+00
 -0.723  0.782E+00
 -0.713  0.816E+00
 -0.703  0.844E+00
 -0.693  0.870E+00
 -0.683  0.890E+00
 -0.673  0.908E+00
 -0.663  0.920E+00
 -0.653  0.928E+00
 -0.643  0.932E+00
 -0.633  0.932E+00
 -0.623  0.928E+00
 -0.613  0.920E+00
 -0.603  0.908E+00
 -0.593  0.892E+00
 -0.583  0.872E+00
 -0.573  0.848E+00
 -0.563  0.832E+00
 -0.553  0.824E+00
 -0.543  0.812E+00
 -0.533  0.798E+00
 -0.523  0.784E+00
 -0.513  0.768E+00
 -0.503  0.750E+00
 -0.493  0.730E+00
 -0.483  0.708E+00
 -0.473  0.686E+00
 -0.463  0.662E+00
 -0.453  0.636E+00
 -0.443  0.608E+00
 -0.433  0.578E+00
 -0.423  0.548E+00
 -0.413  0.532E+00
 -0.403  0.522E+00
 -0.393  0.514E+00
 -0.383  0.506E+00
 -0.373  0.498E+00
 -0.363  0.492E+00
 -0.353  0.484E+00
 -0.343  0.476E+00
 -0.333  0.470E+00
 -0.323  0.462E+00
 -0.313  0.456E+00
 -0.303  0.450E+00
 -0.293  0.442E+00
 -0.283  0.436E+00
 -0.273  0.430E+00
 -0.263  0.424E+00
 -0.253  0.420E+00
 -0.243  0.414E+00
 -0.233  0.408E+00
 -0.223  0.404E+00
 -0.213  0.398E+00
 -0.203  0.394E+00
 -0.193  0.388E+00
 -0.183  0.384E+00
 -0.173  0.380E+00
 -0.163  0.376E+00
 -0.153  0.372E+00
 -0.143  0.368E+00
 -0.133  0.366E+00
 -0.123  0.362E+00
 -0.113  0.358E+00
 -0.103  0.356E+00
 -0.093  0.352E+00
 -0.083  0.350E+00
 -0.073  0.348E+00
 -0.063  0.346E+00
 -0.053  0.342E+00
 -0.043  0.340E+00
 -0.033  0.338E+00
 -0.023  0.336E+00
 -0.013  0.334E+00
 -0.003  0.332E+00
  0.007  0.330E+00
  0.017  0.326E+00
  0.027  0.324E+00
  0.037  0.322E+00
  0.047  0.320E+00
  0.057  0.320E+00
  0.067  0.318E+00
  0.077  0.316E+00
  0.087  0.314E+00
  0.097  0.312E+00
  0.107  0.310E+00
  0.117  0.308E+00
  0.127  0.306E+00
  0.137  0.304E+00
  0.147  0.304E+00
  0.157  0.302E+00
  0.167  0.300E+00
  0.177  0.298E+00
  0.187  0.296E+00
  0.197  0.294E+00
  0.207  0.292E+00
  0.217  0.292E+00
  0.227  0.290E+00
  0.237  0.288E+00
  0.247  0.286E+00
  0.257  0.284E+00
  0.267  0.284E+00
  0.277  0.282E+00
  0.287  0.280E+00
  0.297  0.278E+00
  0.307  0.278E+00
  0.317  0.276E+00
  0.327  0.274E+00
  0.337  0.272E+00
  0.347  0.272E+00
  0.357  0.270E+00
  0.367  0.268E+00
  0.377  0.266E+00
  0.387  0.264E+00
  0.397  0.264E+00
  0.407  0.262E+00
  0.417  0.260E+00
  0.427  0.260E+00
  0.437  0.258E+00
  0.447  0.256E+00
  0.457  0.254E+00
  0.467  0.254E+00
  0.477  0.252E+00
  0.487  0.250E+00
  0.497  0.250E+00
  0.507  0.248E+00
  0.517  0.246E+00
  0.527  0.246E+00
  0.537  0.244E+00
  0.547  0.242E+00
  0.557  0.242E+00
  0.567  0.240E+00
  0.577  0.238E+00
  0.587  0.238E+00
  0.597  0.236E+00
  0.607  0.234E+00
  0.617  0.234E+00
  0.627  0.232E+00
  0.637  0.232E+00
  0.647  0.230E+00
  0.657  0.228E+00
  0.667  0.228E+00
  0.677  0.226E+00
  0.687  0.226E+00
  0.697  0.224E+00
  0.707  0.222E+00
  0.717  0.222E+00
  0.727  0.220E+00
  0.737  0.220E+00
  0.747  0.216E+00
  0.757  0.214E+00
  0.767  0.210E+00
  0.777  0.208E+00
  0.787  0.206E+00
  0.797  0.202E+00
  0.807  0.200E+00
  0.817  0.198E+00
  0.827  0.196E+00
  0.837  0.193E+00
  0.847  0.191E+00
  0.857  0.189E+00
  0.867  0.187E+00
  0.877  0.185E+00
  0.887  0.183E+00
  0.897  0.181E+00
  0.907  0.180E+00
  0.917  0.178E+00
  0.927  0.176E+00
  0.937  0.175E+00
  0.947  0.173E+00
  0.957  0.172E+00
  0.967  0.171E+00
  0.977  0.169E+00
  0.987  0.168E+00
  0.997  0.167E+00
  1.007  0.166E+00
  1.017  0.165E+00
  1.027  0.164E+00
  1.037  0.163E+00
  1.047  0.163E+00
  1.057  0.162E+00
  1.067  0.161E+00
  1.077  0.161E+00
  1.087  0.160E+00
  1.097  0.160E+00
  1.107  0.159E+00
  1.117  0.159E+00
  1.127  0.158E+00
  1.137  0.158E+00
  1.147  0.157E+00
  1.157  0.157E+00
  1.167  0.157E+00
  1.177  0.156E+00
  1.187  0.156E+00
  1.197  0.155E+00
  1.207  0.155E+00
  1.217  0.155E+00
  1.227  0.154E+00
  1.237  0.154E+00
  1.247  0.153E+00
  1.257  0.153E+00
  1.267  0.152E+00
  1.277  0.152E+00
  1.287  0.152E+00
  1.297  0.151E+00
  1.307  0.151E+00
  1.317  0.151E+00
  1.327  0.150E+00
  1.337  0.150E+00
  1.347  0.149E+00
  1.357  0.149E+00
  1.367  0.149E+00
  1.377  0.148E+00
  1.387  0.148E+00
  1.397  0.148E+00
  1.407  0.147E+00
  1.417  0.147E+00
  1.427  0.146E+00
  1.437  0.146E+00
  1.447  0.146E+00
  1.457  0.145E+00
  1.467  0.145E+00
  1.477  0.145E+00
  1.487  0.144E+00
  1.497  0.144E+00
  1.507  0.144E+00
  1.517  0.143E+00
  1.527  0.143E+00
  1.537  0.142E+00
  1.547  0.142E+00
  1.557  0.142E+00
  1.567  0.141E+00
  1.577  0.141E+00
  1.587  0.141E+00
  1.597  0.140E+00
  1.607  0.140E+00
  1.617  0.140E+00
  1.627  0.139E+00
  1.637  0.139E+00
  1.647  0.138E+00
  1.657  0.138E+00
  1.667  0.138E+00
  1.677  0.137E+00
  1.687  0.137E+00
  1.697  0.137E+00
  1.707  0.136E+00
  1.717  0.136E+00
  1.727  0.135E+00
  1.737  0.135E+00
  1.747  0.135E+00
  1.757  0.134E+00
  1.767  0.252E+00
  1.777  0.276E+00
  1.787  0.310E+00
  1.797  0.358E+00
  1.807  0.416E+00
  1.817  0.484E+00
  1.827  0.564E+00
  1.837  0.656E+00
  1.847  0.758E+00
  1.857  0.864E+00
  1.867  0.948E+00
  1.877  0.101E+01
  1.887  0.104E+01
  1.897  0.105E+01
  1.907  0.104E+01
  1.917  0.100E+01
  1.927  0.958E+00
  1.937  0.978E+00
  1.947  0.996E+00
  1.957  0.101E+01
  1.967  0.103E+01
  1.977  0.104E+01
  1.987  0.106E+01
  1.997  0.107E+01
  2.007  0.108E+01
  2.017  0.109E+01
  2.027  0.110E+01
  2.037  0.111E+01
  2.047  0.112E+01
  2.057  0.112E+01
  2.067  0.113E+01
  2.077  0.113E+01
  2.087  0.114E+01
  2.097  0.114E+01
  2.107  0.114E+01
  2.117  0.114E+01
  2.127  0.114E+01
  2.137  0.114E+01
  2.147  0.114E+01
  2.157  0.113E+01
  2.167  0.113E+01
  2.177  0.112E+01
  2.187  0.112E+01
  2.197  0.111E+01
  2.207  0.110E+01
  2.217  0.109E+01
  2.227  0.108E+01
  2.237  0.107E+01
  2.247  0.106E+01
  2.257  0.104E+01
  2.267  0.103E+01
  2.277  0.102E+01
  2.287  0.100E+01
  2.297  0.986E+00
  2.307  0.970E+00
  2.317  0.962E+00
  2.327  0.956E+00
  2.337  0.101E+01
  2.347  0.114E+01
  2.357  0.121E+01
  2.367  0.123E+01
  2.377  0.119E+01
  2.387  0.109E+01
  2.397  0.930E+00
  2.407  0.900E+00
  2.417  0.898E+00
  2.427  0.898E+00
  2.437  0.898E+00
  2.447  0.896E+00
  2.457  0.896E+00
  2.467  0.896E+00
  2.477  0.894E+00
  2.487  0.894E+00
  2.497  0.894E+00
  2.507  0.892E+00
  2.517  0.892E+00
  2.527  0.890E+00
  2.537  0.890E+00
  2.547  0.888E+00
  2.557  0.888E+00
  2.567  0.886E+00
  2.577  0.884E+00
  2.587  0.884E+00
  2.597  0.882E+00
  2.607  0.880E+00
  2.617  0.880E+00
  2.627  0.878E+00
  2.637  0.876E+00
  2.647  0.874E+00
  2.657  0.874E+00
  2.667  0.872E+00
  2.677  0.870E+00
  2.687  0.868E+00
  2.697  0.866E+00
  2.707  0.864E+00
  2.717  0.864E+00
  2.727  0.862E+00
  2.737  0.860E+00
  2.747  0.858E+00
  2.757  0.856E+00
  2.767  0.854E+00
  2.777  0.852E+00
  2.787  0.848E+00
  2.797  0.846E+00
  2.807  0.844E+00
  2.817  0.932E+00
  2.827  0.105E+01
  2.837  0.117E+01
  2.847  0.129E+01
  2.857  0.141E+01
  2.867  0.154E+01
  2.877  0.159E+01
  2.887  0.171E+01
  2.897  0.184E+01
  2.907  0.112E+01
  2.917  0.112E+01
  2.927  0.113E+01
  2.937  0.114E+01
  2.947  0.114E+01
  2.957  0.115E+01
  2.967  0.116E+01
  2.977  0.116E+01
  2.987  0.117E+01
  2.997  0.118E+01
  3.007  0.119E+01
  3.017  0.120E+01
  3.027  0.121E+01
  3.037  0.122E+01
  3.047  0.123E+01
  3.057  0.124E+01
  3.067  0.126E+01
  3.077  0.127E+01
  3.087  0.128E+01
  3.097  0.129E+01
  3.107  0.131E+01
  3.117  0.132E+01
  3.127  0.134E+01
  3.137  0.135E+01
  3.147  0.137E+01
  3.157  0.138E+01
  3.167  0.140E+01
  3.177  0.142E+01
  3.187  0.143E+01
  3.197  0.145E+01
  3.207  0.147E+01
  3.217  0.149E+01
  3.227  0.151E+01
  3.237  0.160E+01
  3.247  0.174E+01
  3.257  0.181E+01
  3.267  0.180E+01
  3.277  0.172E+01
  3.287  0.157E+01
  3.297  0.143E+01
  3.307  0.143E+01
  3.317  0.143E+01
  3.327  0.143E+01
  3.337  0.143E+01
  3.347  0.143E+01
  3.357  0.142E+01
  3.367  0.142E+01
  3.377  0.142E+01
  3.387  0.142E+01
  3.397  0.142E+01
  3.407  0.142E+01
  3.417  0.141E+01
  3.427  0.141E+01
  3.437  0.141E+01
  3.447  0.141E+01
  3.457  0.141E+01
  3.467  0.141E+01
  3.477  0.140E+01
  3.487  0.140E+01
  3.497  0.140E+01
  3.507  0.140E+01
  3.517  0.140E+01
  3.527  0.140E+01
  3.537  0.140E+01
  3.547  0.139E+01
  3.557  0.139E+01
  3.567  0.139E+01
  3.577  0.139E+01
  3.587  0.139E+01
  3.597  0.139E+01
  3.607  0.138E+01
  3.617  0.138E+01
  3.627  0.138E+01
  3.637  0.138E+01
  3.647  0.137E+01
  3.657  0.138E+01
  3.667  0.138E+01
  3.677  0.138E+01
  3.687  0.139E+01
  3.697  0.139E+01
  3.707  0.139E+01
  3.717  0.139E+01
  3.727  0.139E+01
  3.737  0.140E+01
  3.747  0.140E+01
  3.757  0.140E+01
  3.767  0.140E+01
  3.777  0.139E+01
  3.787  0.139E+01
  3.797  0.139E+01
  3.807  0.139E+01
  3.817  0.139E+01
  3.827  0.139E+01
  3.837  0.139E+01
  3.847  0.139E+01
  3.857  0.139E+01
  3.867  0.139E+01
  3.877  0.139E+01
  3.887  0.139E+01
  3.897  0.139E+01
  3.907  0.138E+01
  3.917  0.138E+01
  3.927  0.138E+01
  3.937  0.138E+01
  3.947  0.138E+01
  3.957  0.138E+01
  3.967  0.138E+01
  3.977  0.138E+01
  3.987  0.137E+01
  3.997  0.137E+01
  4.007  0.137E+01
  4.017  0.137E+01
  4.027  0.137E+01
  4.037  0.136E+01
  4.047  0.136E+01
  4.057  0.136E+01
  4.067  0.136E+01
  4.077  0.135E+01
  4.087  0.135E+01
  4.097  0.135E+01
  4.107  0.134E+01
  4.117  0.134E+01
  4.127  0.134E+01
  4.137  0.134E+01
  4.147  0.133E+01
  4.157  0.133E+01
  4.167  0.133E+01
  4.177  0.132E+01
  4.187  0.132E+01
  4.197  0.132E+01
  4.207  0.132E+01
  4.217  0.131E+01
  4.227  0.131E+01
  4.237  0.131E+01
  4.247  0.130E+01
  4.257  0.130E+01
  4.267  0.130E+01
  4.277  0.129E+01
  4.287  0.129E+01
  4.297  0.128E+01
  4.307  0.128E+01
  4.317  0.128E+01
  4.327  0.127E+01
  4.337  0.127E+01
  4.347  0.127E+01
  4.357  0.127E+01
  4.367  0.127E+01
  4.377  0.127E+01
  4.387  0.127E+01
  4.397  0.128E+01
  4.407  0.128E+01
  4.417  0.128E+01
  4.427  0.129E+01
  4.437  0.129E+01
  4.447  0.129E+01
  4.457  0.129E+01
  4.467  0.129E+01
  4.477  0.129E+01
  4.487  0.129E+01
  4.497  0.129E+01
  4.507  0.128E+01
  4.517  0.127E+01
  4.527  0.127E+01
  4.537  0.126E+01
  4.547  0.125E+01
  4.557  0.124E+01
  4.567  0.123E+01
  4.577  0.122E+01
  4.587  0.121E+01
  4.597  0.120E+01
  4.607  0.119E+01
  4.617  0.118E+01
  4.627  0.117E+01
  4.637  0.115E+01
  4.647  0.114E+01
  4.657  0.113E+01
  4.667  0.111E+01
  4.677  0.110E+01
  4.687  0.108E+01
  4.697  0.107E+01
  4.707  0.105E+01
  4.717  0.103E+01
  4.727  0.102E+01
  4.737  0.998E+00
  4.747  0.978E+00
  4.757  0.960E+00
  4.767  0.940E+00
  4.777  0.920E+00
  4.787  0.900E+00
  4.797  0.880E+00
  4.807  0.858E+00
  4.817  0.836E+00
  4.827  0.814E+00
  4.837  0.800E+00
  4.847  0.790E+00
  4.857  0.778E+00
  4.867  0.768E+00
  4.877  0.756E+00
  4.887  0.744E+00
  4.897  0.730E+00
  4.907  0.718E+00
  4.917  0.704E+00
  4.927  0.690E+00
  4.937  0.676E+00
  4.947  0.662E+00
  4.957  0.646E+00
  4.967  0.632E+00
  4.977  0.616E+00
  4.987  0.600E+00
  4.997  0.584E+00
  5.007  0.566E+00
  5.017  0.550E+00
  5.027  0.536E+00
  5.037  0.522E+00
  5.047  0.510E+00
  5.057  0.498E+00
  5.067  0.486E+00
  5.077  0.476E+00
  5.087  0.468E+00
  5.097  0.458E+00
  5.107  0.452E+00
  5.117  0.446E+00
  5.127  0.440E+00
  5.137  0.434E+00
  5.147  0.428E+00
  5.157  0.422E+00
  5.167  0.416E+00
  5.177  0.410E+00
  5.187  0.404E+00
  5.197  0.400E+00
  5.207  0.394E+00
  5.217  0.388E+00
  5.227  0.384E+00
  5.237  0.378E+00
  5.247  0.374E+00
  5.257  0.368E+00
  5.267  0.364E+00
  5.277  0.358E+00
  5.287  0.354E+00
  5.297  0.350E+00
  5.307  0.344E+00
  5.317  0.340E+00
  5.327  0.336E+00
  5.337  0.332E+00
  5.347  0.328E+00
  5.357  0.324E+00
  5.367  0.318E+00
  5.377  0.316E+00
  5.387  0.312E+00
  5.397  0.308E+00
  5.407  0.304E+00
  5.417  0.300E+00
  5.427  0.296E+00
  5.437  0.292E+00
  5.447  0.290E+00
  5.457  0.286E+00
  5.467  0.284E+00
  5.477  0.280E+00
  5.487  0.276E+00
  5.497  0.274E+00
  5.507  0.272E+00
  5.517  0.268E+00
  5.527  0.266E+00
  5.537  0.262E+00
  5.547  0.260E+00
  5.557  0.258E+00
  5.567  0.256E+00
  5.577  0.254E+00
  5.587  0.252E+00
  5.597  0.244E+00
  5.607  0.222E+00
  5.617  0.187E+00
  5.627  0.141E+00
  5.637  0.133E+00
  5.647  0.126E+00
  5.657  0.118E+00
  5.667  0.111E+00
  5.677  0.104E+00
  5.687  0.974E-01
  5.697  0.908E-01
  5.707  0.846E-01
  5.717  0.786E-01
  5.727  0.728E-01
  5.737  0.672E-01
  5.747  0.618E-01
  5.757  0.566E-01
  5.767  0.518E-01
  5.777  0.470E-01
  5.787  0.426E-01
  5.797  0.384E-01
  5.807  0.344E-01
  5.817  0.306E-01
  5.827  0.270E-01
  5.837  0.236E-01
  5.847  0.204E-01
  5.857  0.176E-01
  5.867  0.149E-01
  5.877  0.124E-01
  5.887  0.102E-01
  5.897  0.818E-02
  5.907  0.638E-02
  5.917  0.482E-02
  5.927  0.346E-02
  5.937  0.234E-02
  5.947  0.143E-02
  5.957  0.748E-03
  5.967  0.284E-03
  5.977  0.402E-04
  5.987  0.000E+00
  5.997  0.000E+00
  6.007  0.000E+00
  6.017  0.000E+00
  6.027  0.000E+00
  6.037  0.000E+00
  6.047  0.000E+00
  6.057  0.000E+00
  6.067  0.000E+00
  6.077  0.000E+00
  6.087  0.000E+00
  6.097  0.000E+00
  6.107  0.000E+00
  6.117  0.000E+00
  6.127  0.000E+00
  6.137  0.000E+00
  6.147  0.000E+00
  6.157  0.000E+00
  6.167  0.000E+00
  6.177  0.000E+00
  6.187  0.000E+00
  6.197  0.000E+00
  6.207  0.000E+00
  6.217  0.000E+00
  6.227  0.000E+00
  6.237  0.000E+00
  6.247  0.000E+00
  6.257  0.000E+00
  6.267  0.000E+00
  6.277  0.000E+00
  6.287  0.000E+00
  6.297  0.000E+00
  6.307  0.000E+00
  6.317  0.000E+00
  6.327  0.000E+00
  6.337  0.000E+00
  6.347  0.000E+00
  6.357  0.000E+00
  6.367  0.000E+00
  6.377  0.000E+00
  6.387  0.000E+00
  6.397  0.000E+00
  6.407  0.000E+00
  6.417  0.000E+00
  6.427  0.000E+00
  6.437  0.000E+00
  6.447  0.000E+00
  6.457  0.000E+00
  6.467  0.226E-02
  6.477  0.640E-02
  6.487  0.104E-01
  6.497  0.143E-01
  6.507  0.181E-01
  6.517  0.216E-01
  6.527  0.252E-01
  6.537  0.286E-01
  6.547  0.318E-01
  6.557  0.350E-01
  6.567  0.380E-01
  6.577  0.408E-01
  6.587  0.436E-01
  6.597  0.462E-01
  6.607  0.488E-01
  6.617  0.512E-01
  6.627  0.536E-01
  6.637  0.558E-01
  6.647  0.580E-01
  6.657  0.600E-01
  6.667  0.618E-01
  6.677  0.636E-01
  6.687  0.654E-01
  6.697  0.668E-01
  6.707  0.684E-01
  6.717  0.698E-01
  6.727  0.710E-01
  6.737  0.724E-01
  6.747  0.734E-01
  6.757  0.744E-01
  6.767  0.772E-01
  6.777  0.808E-01
  6.787  0.844E-01
  6.797  0.882E-01
  6.807  0.920E-01
  6.817  0.960E-01
  6.827  0.100E+00
  6.837  0.104E+00
  6.847  0.108E+00
  6.857  0.111E+00
  6.867  0.115E+00
  6.877  0.119E+00
  6.887  0.122E+00
  6.897  0.125E+00
  6.907  0.129E+00
  6.917  0.132E+00
  6.927  0.135E+00
  6.937  0.138E+00
  6.947  0.140E+00
  6.957  0.143E+00
  6.967  0.146E+00
  6.977  0.149E+00
  6.987  0.151E+00
  6.997  0.154E+00
  7.007  0.157E+00
  7.017  0.159E+00
  7.027  0.161E+00
  7.037  0.164E+00
  7.047  0.166E+00
  7.057  0.168E+00
  7.067  0.170E+00
  7.077  0.172E+00
  7.087  0.174E+00
  7.097  0.176E+00
  7.107  0.179E+00
  7.117  0.183E+00
  7.127  0.186E+00
  7.137  0.190E+00
  7.147  0.193E+00
  7.157  0.197E+00
  7.167  0.200E+00
  7.177  0.204E+00
  7.187  0.208E+00
  7.197  0.212E+00
  7.207  0.214E+00
  7.217  0.218E+00
  7.227  0.222E+00
  7.237  0.226E+00
  7.247  0.230E+00
  7.257  0.232E+00
  7.267  0.236E+00
  7.277  0.240E+00
  7.287  0.244E+00
  7.297  0.248E+00
  7.307  0.250E+00
  7.317  0.254E+00
  7.327  0.258E+00
  7.337  0.262E+00
  7.347  0.266E+00
  7.357  0.268E+00
  7.367  0.272E+00
  7.377  0.276E+00
  7.387  0.280E+00
  7.397  0.284E+00
  7.407  0.288E+00
  7.417  0.292E+00
  7.427  0.298E+00
  7.437  0.302E+00
  7.447  0.308E+00
  7.457  0.312E+00
  7.467  0.318E+00
  7.477  0.324E+00
  7.487  0.330E+00
  7.497  0.336E+00
  7.507  0.342E+00
  7.517  0.348E+00
  7.527  0.354E+00
  7.537  0.360E+00
  7.547  0.366E+00
  7.557  0.372E+00
  7.567  0.380E+00
  7.577  0.386E+00
  7.587  0.394E+00
  7.597  0.402E+00
  7.607  0.408E+00
  7.617  0.416E+00
  7.627  0.424E+00
  7.637  0.432E+00
  7.647  0.440E+00
  7.657  0.448E+00
  7.667  0.458E+00
  7.677  0.466E+00
  7.687  0.476E+00
  7.697  0.484E+00
  7.707  0.494E+00
  7.717  0.504E+00
  7.727  0.512E+00
  7.737  0.522E+00
  7.747  0.532E+00
  7.757  0.544E+00
  7.767  0.554E+00
  7.777  0.566E+00
  7.787  0.578E+00
  7.797  0.590E+00
  7.807  0.604E+00
  7.817  0.618E+00
  7.827  0.634E+00
  7.837  0.650E+00
  7.847  0.666E+00
  7.857  0.684E+00
  7.867  0.702E+00
  7.877  0.720E+00
  7.887  0.740E+00
  7.897  0.762E+00
  7.907  0.784E+00
  7.917  0.806E+00
  7.927  0.830E+00
  7.937  0.854E+00
  7.947  0.878E+00
  7.957  0.906E+00
  7.967  0.932E+00
  7.977  0.960E+00
  7.987  0.984E+00
  7.997  0.101E+01
  8.007  0.103E+01
  8.017  0.104E+01
  8.027  0.106E+01
  8.037  0.107E+01
  8.047  0.109E+01
  8.057  0.110E+01
  8.067  0.111E+01
  8.077  0.112E+01
  8.087  0.112E+01
  8.097  0.113E+01
  8.107  0.113E+01
  8.117  0.114E+01
  8.127  0.115E+01
  8.137  0.116E+01
  8.147  0.116E+01
  8.157  0.117E+01
  8.167  0.118E+01
  8.177  0.118E+01
  8.187  0.119E+01
  8.197  0.120E+01
  8.207  0.120E+01
  8.217  0.121E+01
  8.227  0.121E+01
  8.237  0.122E+01
  8.247  0.122E+01
  8.257  0.122E+01
  8.267  0.123E+01
  8.277  0.123E+01
  8.287  0.123E+01
  8.297  0.123E+01
  8.307  0.122E+01
  8.317  0.121E+01
  8.327  0.120E+01
  8.337  0.119E+01
  8.347  0.118E+01
  8.357  0.118E+01
  8.367  0.117E+01
  8.377  0.116E+01
  8.387  0.116E+01
  8.397  0.115E+01
  8.407  0.114E+01
  8.417  0.114E+01
  8.427  0.113E+01
  8.437  0.113E+01
  8.447  0.112E+01
  8.457  0.112E+01
  8.467  0.112E+01
  8.477  0.111E+01
  8.487  0.111E+01
  8.497  0.111E+01
  8.507  0.110E+01
  8.517  0.107E+01
  8.527  0.105E+01
  8.537  0.103E+01
  8.547  0.101E+01
  8.557  0.994E+00
  8.567  0.978E+00
  8.577  0.962E+00
  8.587  0.944E+00
  8.597  0.926E+00
  8.607  0.910E+00
  8.617  0.894E+00
  8.627  0.796E+00
  8.637  0.778E+00
  8.647  0.760E+00
  8.657  0.740E+00
  8.667  0.722E+00
  8.677  0.704E+00
  8.687  0.686E+00
  8.697  0.668E+00
  8.707  0.650E+00
  8.717  0.632E+00
  8.727  0.614E+00
  8.737  0.596E+00
  8.747  0.578E+00
  8.757  0.560E+00
  8.767  0.544E+00
  8.777  0.526E+00
  8.787  0.508E+00
  8.797  0.492E+00
  8.807  0.474E+00
  8.817  0.458E+00
  8.827  0.440E+00
  8.837  0.424E+00
  8.847  0.406E+00
  8.857  0.390E+00
  8.867  0.374E+00
  8.877  0.358E+00
  8.887  0.340E+00
  8.897  0.324E+00
  8.907  0.308E+00
  8.917  0.292E+00
  8.927  0.276E+00
  8.937  0.260E+00
  8.947  0.242E+00
  8.957  0.248E+00
  8.967  0.254E+00
  8.977  0.260E+00
  8.987  0.266E+00
  8.997  0.274E+00
  9.007  0.284E+00
  9.017  0.296E+00
  9.027  0.308E+00
  9.037  0.318E+00
  9.047  0.330E+00
  9.057  0.342E+00
  9.067  0.354E+00
  9.077  0.366E+00
  9.087  0.380E+00
  9.097  0.392E+00
  9.107  0.404E+00
  9.117  0.418E+00
  9.127  0.430E+00
  9.137  0.444E+00
  9.147  0.456E+00
  9.157  0.470E+00
  9.167  0.484E+00
  9.177  0.498E+00
  9.187  0.512E+00
  9.197  0.524E+00
  9.207  0.538E+00
  9.217  0.552E+00
  9.227  0.566E+00
  9.237  0.580E+00
  9.247  0.594E+00
  9.257  0.608E+00
  9.267  0.622E+00
  9.277  0.634E+00
  9.287  0.648E+00
  9.297  0.672E+00
  9.307  0.700E+00
  9.317  0.728E+00
  9.327  0.758E+00
  9.337  0.788E+00
  9.347  0.820E+00
  9.357  0.852E+00
  9.367  0.904E+00
  9.377  0.958E+00
  9.387  0.101E+01
  9.397  0.107E+01
  9.407  0.113E+01
  9.417  0.119E+01
  9.427  0.125E+01
  9.437  0.131E+01
  9.447  0.137E+01
  9.457  0.143E+01
  9.467  0.150E+01
  9.477  0.156E+01
  9.487  0.162E+01
  9.497  0.169E+01
  9.507  0.175E+01
  9.517  0.181E+01
  9.527  0.187E+01
  9.537  0.194E+01
  9.547  0.200E+01
  9.557  0.206E+01
  9.567  0.212E+01
  9.577  0.218E+01
  9.587  0.224E+01
  9.597  0.230E+01
  9.607  0.230E+01
  9.617  0.226E+01
  9.627  0.220E+01
  9.637  0.216E+01
  9.647  0.214E+01
  9.657  0.210E+01
  9.667  0.206E+01
  9.677  0.204E+01
  9.687  0.202E+01
  9.697  0.210E+01
  9.707  0.216E+01
  9.717  0.218E+01
  9.727  0.214E+01
  9.737  0.202E+01
  9.747  0.180E+01
  9.757  0.154E+01
  9.767  0.131E+01
  9.777  0.113E+01
  9.787  0.100E+01
  9.797  0.938E+00
  9.807  0.928E+00
  9.817  0.912E+00
  9.827  0.896E+00
  9.837  0.884E+00
  9.847  0.872E+00
  9.857  0.864E+00
  9.867  0.858E+00
  9.877  0.852E+00
  9.887  0.848E+00
  9.897  0.844E+00
  9.907  0.842E+00
  9.917  0.838E+00
  9.927  0.834E+00
  9.937  0.832E+00
  9.947  0.828E+00
  9.957  0.826E+00
  9.967  0.824E+00
  9.977  0.822E+00
  9.987  0.820E+00
  9.997  0.818E+00
 10.007  0.816E+00
 10.017  0.814E+00
 10.027  0.812E+00
 10.037  0.810E+00
 10.047  0.808E+00
 10.057  0.804E+00
 10.067  0.802E+00
 10.077  0.798E+00
 10.087  0.794E+00
 10.097  0.790E+00
 10.107  0.784E+00
 10.117  0.780E+00
 10.127  0.776E+00
 10.137  0.770E+00
 10.147  0.764E+00
 10.157  0.758E+00
 10.167  0.752E+00
 10.177  0.746E+00
 10.187  0.740E+00
 10.197  0.732E+00
 10.207  0.726E+00
 10.217  0.718E+00
 10.227  0.710E+00
 10.237  0.704E+00
 10.247  0.696E+00
 10.257  0.688E+00
 10.267  0.680E+00
 10.277  0.672E+00
 10.287  0.664E+00
 10.297  0.654E+00
 10.307  0.646E+00
 10.317  0.638E+00
 10.327  0.628E+00
 10.337  0.620E+00
 10.347  0.612E+00
 10.357  0.602E+00
 10.367  0.594E+00
 10.377  0.584E+00
 10.387  0.574E+00
 10.397  0.566E+00
 10.407  0.556E+00
 10.417  0.548E+00
 10.427  0.538E+00
 10.437  0.530E+00
 10.447  0.528E+00
 10.457  0.528E+00
 10.467  0.526E+00
 10.477  0.524E+00
 10.487  0.524E+00
 10.497  0.524E+00
 10.507  0.524E+00
 10.517  0.522E+00
 10.527  0.522E+00
 10.537  0.524E+00
 10.547  0.524E+00
 10.557  0.524E+00
 10.567  0.526E+00
 10.577  0.526E+00
 10.587  0.528E+00
 10.597  0.530E+00
 10.607  0.530E+00
 10.617  0.532E+00
 10.627  0.536E+00
 10.637  0.538E+00
 10.647  0.540E+00
 10.657  0.540E+00
 10.667  0.538E+00
 10.677  0.536E+00
 10.687  0.536E+00
 10.697  0.534E+00
 10.707  0.532E+00
 10.717  0.518E+00
 10.727  0.518E+00
 10.737  0.516E+00
 10.747  0.516E+00
 10.757  0.516E+00
 10.767  0.518E+00
 10.777  0.518E+00
 10.787  0.520E+00
 10.797  0.522E+00
 10.807  0.524E+00
 10.817  0.520E+00
 10.827  0.516E+00
 10.837  0.512E+00
 10.847  0.508E+00
 10.857  0.504E+00
 10.867  0.500E+00
 10.877  0.496E+00
 10.887  0.492E+00
 10.897  0.488E+00
 10.907  0.486E+00
 10.917  0.482E+00
 10.927  0.478E+00
 10.937  0.474E+00
 10.947  0.470E+00
 10.957  0.466E+00
 10.967  0.462E+00
 10.977  0.460E+00
 10.987  0.456E+00
 10.997  0.452E+00
 11.007  0.450E+00
 11.017  0.446E+00
 11.027  0.444E+00
 11.037  0.440E+00
 11.047  0.438E+00
 11.057  0.434E+00
 11.067  0.432E+00
 11.077  0.428E+00
 11.087  0.426E+00
 11.097  0.424E+00
 11.107  0.422E+00
 11.117  0.418E+00
 11.127  0.416E+00
 11.137  0.414E+00
 11.147  0.412E+00
 11.157  0.410E+00
 11.167  0.410E+00
 11.177  0.408E+00
 11.187  0.406E+00
 11.197  0.406E+00
 11.207  0.404E+00
 11.217  0.402E+00
 11.227  0.402E+00
 11.237  0.402E+00
 11.247  0.400E+00
 11.257  0.400E+00
 11.267  0.400E+00
 11.277  0.400E+00
 11.287  0.400E+00
 11.297  0.400E+00
 11.307  0.400E+00
 11.317  0.402E+00
 11.327  0.430E+00
 11.337  0.468E+00
 11.347  0.504E+00
 11.357  0.540E+00
 11.367  0.572E+00
 11.377  0.604E+00
 11.387  0.632E+00
 11.397  0.656E+00
 11.407  0.680E+00
 11.417  0.698E+00
 11.427  0.714E+00
 11.437  0.724E+00
 11.447  0.732E+00
 11.457  0.734E+00
 11.467  0.732E+00
 11.477  0.724E+00
 11.487  0.712E+00
 11.497  0.786E+00
 11.507  0.778E+00
 11.517  0.770E+00
 11.527  0.762E+00
 11.537  0.756E+00
 11.547  0.748E+00
 11.557  0.740E+00
 11.567  0.734E+00
 11.577  0.728E+00
 11.587  0.720E+00
 11.597  0.714E+00
 11.607  0.708E+00
 11.617  0.702E+00
 11.627  0.696E+00
 11.637  0.700E+00
 11.647  0.696E+00
 11.657  0.692E+00
 11.667  0.688E+00
 11.677  0.684E+00
 11.687  0.680E+00
 11.697  0.676E+00
 11.707  0.674E+00
 11.717  0.670E+00
 11.727  0.668E+00
 11.737  0.664E+00
 11.747  0.662E+00
 11.757  0.660E+00
 11.767  0.658E+00
 11.777  0.658E+00
 11.787  0.656E+00
 11.797  0.654E+00
 11.807  0.654E+00
 11.817  0.654E+00
 11.827  0.654E+00
 11.837  0.654E+00
 11.847  0.654E+00
 11.857  0.654E+00
 11.867  0.654E+00
 11.877  0.656E+00
 11.887  0.658E+00
 11.897  0.660E+00
 11.907  0.662E+00
 11.917  0.664E+00
 11.927  0.666E+00
 11.937  0.670E+00
 11.947  0.672E+00
 11.957  0.676E+00
 11.967  0.680E+00
 11.977  0.684E+00
 11.987  0.688E+00
 11.997  0.694E+00
 12.007  0.700E+00
 12.017  0.706E+00
 12.027  0.714E+00
 12.037  0.720E+00
 12.047  0.728E+00
 12.057  0.738E+00
 12.067  0.746E+00
 12.077  0.756E+00
 12.087  0.764E+00
 12.097  0.774E+00
 12.107  0.784E+00
 12.117  0.796E+00
 12.127  0.806E+00
 12.137  0.818E+00
 12.147  0.828E+00
 12.157  0.842E+00
 12.167  0.858E+00
 12.177  0.870E+00
 12.187  0.880E+00
 12.197  0.888E+00
 12.207  0.896E+00
 12.217  0.904E+00
 12.227  0.912E+00
 12.237  0.918E+00
 12.247  0.926E+00
 12.257  0.932E+00
 12.267  0.940E+00
 12.277  0.946E+00
 12.287  0.950E+00
 12.297  0.956E+00
 12.307  0.960E+00
 12.317  0.964E+00
 12.327  0.966E+00
 12.337  0.970E+00
 12.347  0.972E+00
 12.357  0.972E+00
 12.367  0.974E+00
 12.377  0.974E+00
 12.387  0.972E+00
 12.397  0.972E+00
 12.407  0.960E+00
 12.417  0.928E+00
 12.427  0.872E+00
 12.437  0.794E+00
 12.447  0.694E+00
 12.457  0.624E+00
 12.467  0.616E+00
 12.477  0.610E+00
 12.487  0.602E+00
 12.497  0.594E+00
 12.507  0.588E+00
 12.517  0.580E+00
 12.527  0.572E+00
 12.537  0.566E+00
 12.547  0.558E+00
 12.557  0.552E+00
 12.567  0.544E+00
 12.577  0.538E+00
 12.587  0.532E+00
 12.597  0.524E+00
 12.607  0.518E+00
 12.617  0.512E+00
 12.627  0.506E+00
 12.637  0.500E+00
 12.647  0.494E+00
 12.657  0.490E+00
 12.667  0.486E+00
 12.677  0.482E+00
 12.687  0.478E+00
 12.697  0.474E+00
 12.707  0.470E+00
 12.717  0.468E+00
 12.727  0.464E+00
 12.737  0.460E+00
 12.747  0.456E+00
 12.757  0.452E+00
 12.767  0.448E+00
 12.777  0.444E+00
 12.787  0.442E+00
 12.797  0.438E+00
 12.807  0.434E+00
 12.817  0.430E+00
 12.827  0.426E+00
 12.837  0.424E+00
 12.847  0.420E+00
 12.857  0.416E+00
 12.867  0.412E+00
 12.877  0.410E+00
 12.887  0.406E+00
 12.897  0.402E+00
 12.907  0.398E+00
 12.917  0.396E+00
 12.927  0.392E+00
 12.937  0.388E+00
 12.947  0.384E+00
 12.957  0.382E+00
 12.967  0.378E+00
 12.977  0.374E+00
 12.987  0.372E+00
 12.997  0.368E+00
 13.007  0.364E+00
 13.017  0.362E+00
 13.027  0.358E+00
 13.037  0.354E+00
 13.047  0.352E+00
 13.057  0.348E+00
 13.067  0.344E+00
 13.077  0.342E+00
 13.087  0.338E+00
 13.097  0.334E+00
 13.107  0.332E+00
 13.117  0.328E+00
 13.127  0.326E+00
 13.137  0.322E+00
 13.147  0.318E+00
 13.157  0.316E+00
 13.167  0.312E+00
 13.177  0.310E+00
 13.187  0.306E+00
 13.197  0.304E+00
 13.207  0.300E+00
 13.217  0.296E+00
 13.227  0.294E+00
 13.237  0.292E+00
 13.247  0.288E+00
 13.257  0.286E+00
 13.267  0.282E+00
 13.277  0.280E+00
 13.287  0.276E+00
 13.297  0.274E+00
 13.307  0.272E+00
 13.317  0.268E+00
 13.327  0.266E+00
 13.337  0.264E+00
 13.347  0.260E+00
 13.357  0.258E+00
 13.367  0.256E+00
 13.377  0.254E+00
 13.387  0.250E+00
 13.397  0.248E+00
 13.407  0.246E+00
 13.417  0.244E+00
 13.427  0.242E+00
 13.437  0.240E+00
 13.447  0.236E+00
 13.457  0.234E+00
 13.467  0.232E+00
 13.477  0.230E+00
 13.487  0.228E+00
 13.497  0.226E+00
 13.507  0.224E+00
 13.517  0.222E+00
 13.527  0.220E+00
 13.537  0.220E+00
 13.547  0.218E+00
 13.557  0.218E+00
 13.567  0.216E+00
 13.577  0.216E+00
 13.587  0.214E+00
 13.597  0.214E+00
 13.607  0.212E+00
 13.617  0.212E+00
 13.627  0.210E+00
 13.637  0.210E+00
 13.647  0.208E+00
 13.657  0.208E+00
 13.667  0.206E+00
 13.677  0.204E+00
 13.687  0.204E+00
 13.697  0.202E+00
 13.707  0.200E+00
 13.717  0.199E+00
 13.727  0.197E+00
 13.737  0.196E+00
 13.747  0.194E+00
 13.757  0.192E+00
 13.767  0.190E+00
 13.777  0.188E+00
 13.787  0.186E+00
 13.797  0.184E+00
 13.807  0.181E+00
 13.817  0.179E+00
 13.827  0.176E+00
 13.837  0.173E+00
 13.847  0.170E+00
 13.857  0.167E+00
 13.867  0.164E+00
 13.877  0.161E+00
 13.887  0.157E+00
 13.897  0.154E+00
 13.907  0.150E+00
 13.917  0.146E+00
 13.927  0.142E+00
 13.937  0.138E+00
 13.947  0.133E+00
 13.957  0.130E+00
 13.967  0.129E+00
 13.977  0.128E+00
 13.987  0.127E+00
 13.997  0.126E+00
 14.007  0.125E+00
 14.017  0.125E+00
 14.027  0.124E+00
 14.037  0.123E+00
 14.047  0.122E+00
 14.057  0.121E+00
 14.067  0.120E+00
 14.077  0.120E+00
 14.087  0.119E+00
 14.097  0.118E+00
 14.107  0.117E+00
 14.117  0.116E+00
 14.127  0.116E+00
 14.137  0.115E+00
 14.147  0.114E+00
 14.157  0.113E+00
 14.167  0.112E+00
 14.177  0.112E+00
 14.187  0.111E+00
 14.197  0.110E+00
 14.207  0.109E+00
 14.217  0.109E+00
 14.227  0.108E+00
 14.237  0.107E+00
 14.247  0.107E+00
 14.257  0.106E+00
 14.267  0.105E+00
 14.277  0.104E+00
 14.287  0.104E+00
 14.297  0.103E+00
 14.307  0.102E+00
 14.317  0.102E+00
 14.327  0.101E+00
 14.337  0.100E+00
 14.347  0.998E-01
 14.357  0.992E-01
 14.367  0.986E-01
 14.377  0.980E-01
 14.387  0.974E-01
 14.397  0.968E-01
 14.407  0.962E-01
 14.417  0.956E-01
 14.427  0.950E-01
 14.437  0.944E-01
 14.447  0.938E-01
 14.457  0.932E-01
 14.467  0.926E-01
 14.477  0.930E-01
 14.487  0.934E-01
 14.497  0.936E-01
 14.507  0.940E-01
 14.517  0.944E-01
 14.527  0.948E-01
 14.537  0.952E-01
 14.547  0.956E-01
 14.557  0.962E-01
 14.567  0.966E-01
 14.577  0.970E-01
 14.587  0.976E-01
 14.597  0.980E-01
 14.607  0.984E-01
 14.617  0.990E-01
 14.627  0.996E-01
 14.637  0.106E+00
 14.647  0.115E+00
 14.657  0.122E+00
 14.667  0.129E+00
 14.677  0.135E+00
 14.687  0.140E+00
 14.697  0.144E+00
 14.707  0.147E+00
 14.717  0.149E+00
 14.727  0.151E+00
 14.737  0.151E+00
 14.747  0.151E+00
 14.757  0.150E+00
 14.767  0.149E+00
 14.777  0.146E+00
 14.787  0.143E+00
 14.797  0.138E+00
 14.807  0.134E+00
 14.817  0.128E+00
 14.827  0.122E+00
 14.837  0.114E+00
 14.847  0.107E+00
 14.857  0.982E-01
 14.867  0.115E+00
 14.877  0.130E+00
 14.887  0.143E+00
 14.897  0.152E+00
 14.907  0.158E+00
 14.917  0.161E+00
 14.927  0.161E+00
 14.937  0.158E+00
 14.947  0.152E+00
 14.957  0.143E+00
 14.967  0.131E+00
 14.977  0.115E+00
 14.987  0.962E-01
 14.997  0.742E-01
 15.007  0.490E-01
 15.017  0.208E-01
 15.027  0.000E+00
